6.23
6.69
11.7
4.65
8.41
78.5
8.43
6.97
8.24
4.76
6.43
7.65
6.34
6.51
5.91
6.44
5.55
8.83
7.67
8.42
4.58
7.63
7.84
7.30
6.07
9.42
8.07
9.35
17.9
7.73
8.84
7.84
4.85
33.3
11.7
6.79
5.94
8.23
8.01
7.67
17.8
7.75
8.07
6.44
6.65
4.64
4.44
6.40
7.87
4.63
7.87
4.62
9.61
5.35
17.5
5.00
6.66
4.46
7.60
6.61
6.21
7.86
8.86
11.6
5.64
6.85
5.39
6.00
7.62
5.26
18.8
5.57
11.3
6.83
4.78
15.2
4.64
6.33
5.24
7.83
4.77
28.0
5.86
11.5
6.83
11.6
5.28
7.94
5.12
4.98
5.68
7.25
6.10
5.41
8.05
6.33
5.55
6.31
4.81
7.67
25.0
6.26
5.58
7.45
12.2
