1 6.23
2 6.345
3 7.68375
4 6.92531
5 7.29648
6 25.0974
7 20.9305
8 17.4404
9 15.1403
10 12.5452
11 11.0164
12 10.1748
13 9.21611
14 8.53958
15 7.88219
16 7.52164
17 7.02873
18 7.47905
19 7.52679
20 7.75009
21 6.95757
22 7.12568
23 7.30426
24 7.30319
25 6.99489
26 7.60117
27 7.71838
28 8.12628
29 10.5697
30 9.85978
31 9.60484
32 9.16363
33 8.08522
34 14.3889
35 13.7167
36 11.985
37 10.4738
38 9.91282
39 9.43712
40 8.99534
41 11.1965
42 10.3349
43 9.76866
44 8.93649
45 8.36487
46 7.43365
47 6.68524
48 6.61393
49 6.92795
50 6.35346
51 6.7326
52 6.20445
53 7.05583
54 6.62938
55 9.34703
56 8.26027
57 7.86021
58 7.01015
59 7.15762
60 7.02071
61 6.81803
62 7.07853
63 7.52389
64 8.54292
65 7.81719
66 7.57539
67 7.02904
68 6.77178
69 6.98384
70 6.55288
71 9.61466
72 8.60349
73 9.27762
74 8.66572
75 7.69429
76 9.57071
77 8.33804
78 7.83603
79 7.18702
80 7.34777
81 6.70332
82 12.0275
83 10.4856
84 10.7392
85 9.76191
86 10.2214
87 8.98607
88 8.72456
89 7.82342
90 7.11256
91 6.75442
92 6.87832
93 6.68374
94 6.3653
95 6.78648
96 6.67236
97 6.39177
98 6.37133
99 5.98099
100 6.40325
101 11.0524
102 9.85433
103 8.78574
104 8.45181
105 9.38886
