1 6.23
2 6.69
3 11.7
4 4.65
5 8.41
6 78.5
7 8.43
8 6.97
9 8.24
10 4.76
11 6.43
12 7.65
13 6.34
14 6.51
15 5.91
16 6.44
17 5.55
18 8.83
19 7.67
20 8.42
21 4.58
22 7.63
23 7.84
24 7.30
25 6.07
26 9.42
27 8.07
28 9.35
29 17.9
30 7.73
31 8.84
32 7.84
33 4.85
34 33.3
35 11.7
36 6.79
37 5.94
38 8.23
39 8.01
40 7.67
41 17.8
42 7.75
43 8.07
44 6.44
45 6.65
46 4.64
47 4.44
48 6.40
49 7.87
50 4.63
51 7.87
52 4.62
53 9.61
54 5.35
55 17.5
56 5.00
57 6.66
58 4.46
59 7.60
60 6.61
61 6.21
62 7.86
63 8.86
64 11.6
65 5.64
66 6.85
67 5.39
68 6.00
69 7.62
70 5.26
71 18.8
72 5.57
73 11.3
74 6.83
75 4.78
76 15.2
77 4.64
78 6.33
79 5.24
80 7.83
81 4.77
82 28.0
83 5.86
84 11.5
85 6.83
86 11.6
87 5.28
88 7.94
89 5.12
90 4.98
91 5.68
92 7.25
93 6.10
94 5.41
95 8.05
96 6.33
97 5.55
98 6.31
99 4.81
100 7.67
101 25.0
102 6.26
103 5.58
104 7.45
105 12.2
